865076409249
888797432752
861705811171
864599516676
856392137257
880939227747
859844137257
868188464104
850282688568
868381998478
858885421381
854951541701
942441081641
943333317237
941527131691
873285375375
941107553833
850887363243
852024303583
850511430230
949660755555
944446352872
866358318998
859635576336
942917336696
877494108188
854028716876
934779555355
979270795995
869976599839
974729988868
947673287407
852384203483
857858040440
946722919359
861831390790
860897583663
863752301061
931289475475
922284411771
857954682002
875309669109
897143604644
869790676436
944308831391
851305243923
930210626386
941816033113
948906553833
863959609449
941477186546
941702845045
855193125125
854356883963
870902113993
985893766926
939745055855
972465854894
972193174414
866524324564
859007535135
941560167087
851080731291
863722770970
936444539179
858083533613
949829170370
861699648128
882517673153
867074319759
855866362482
972421437557
864716703983
945524233313
948421836196
852391239879
946792602122
981703706266
860330470670
949165312432
941123935535
852225953233
948951361721
868974662782
958716024264
862052691851
940849838718
949715671631
945848151911
868261323803
940644476236
865200509349
862104946906
931160272992
856793441601
857242179219
866403939579
885843181741
855484838718
948709111471
962658101861
863046177697
933000692612
941212435035
854677372092
947517244684
933899846806
856894122842
921806793473
932532031591
868950331891
940996289929
937742433513
942077254294
866137008088
878547983063
923324270470
945624431991
876496896856
899936999239
854258220420
857811748228
936629529569
874993597317
874271258338
860190776536
851823601361
925460384224
869786524764
936010834674
852578452972
943231240640
941148250250
943915322042
865414266426
945730095295
940852720920
863449026786
945658673153
855261042962
940439261621
868924659499
947132868548
1069192737022
876082067987
1065465791094
1057082829627
924227879919
855305091251
910957169609
874042624864
948912903183
890761743522
1047243906258
897123826586
864004236596
869314913793
868561115515
935587875875
863799364004
947471310910
867501703983
857089207527
921627027547
946152368048
854372912032
853272208288
850710611971
856308765165
860531951711
877853845045
871457146106
869593474714
867118970170
857778066226
979449832152
942360814454
960917200263
947561068748
1056515363427
941157487607
882749113993
947128462582
1058272930250
944053859699
937370667587
864874131691
931831073553
949420318998
937869747467
927525911271
946133499739
854229564204
946034860460
959809665065
931426131691
941654934774
948875251011
948551076836
865841193873
860219490890
937465110710
927166354394
1046528353633
952053357677
1039953529569
959269687807
957819208288
934083413293
961173458538
948889933013
940529372092
939966412532
1043984399582
944180769209
940315825825
867561195395
947402858938
951153319759
920919459299
939710526286
941542549789
947419181741
862681763643
856015991151
949342465865
859843447167
860386968648
943318422142
941121193873
868645243923
858642423903
959216422142
852846081641
939753788668
859956249489
931579117037
926722784624
913913176936
941189674914
943048629669
865134749989
856334825825
935954309149
931666509349
868447185785
944085810410
858704242162
864161799039
857495354394
1047992845318
933054356916
858670736096
1052468597196
858674799039
947897166326
868863249489
939665581141
859818509349
866326284124
864500331891
931656188068
855380791951
949569419859
865363610210
870499377897
865343204244
870609412532
851928288168
858158722442
956872886246
959619216376
940598719159
866005534374
943110697417
943909048528
868866434274
863351200200
933048628908
979622980780
876037330130
944311242162
937019854894
939002602122
945075784624
853143344784
940080042962
1047036304344
942884593273
868886080880
868051808888
956863803083
944865852372
859824697417
941199590990
944362961321
852011643323
855608392312
943138048528
869859857177
948977972692
853528935535
899533112232
931297584424
871356196156
936827677197
970005453733
865667198678
969845072792
862203965365
869944445645
886301006566
970136670870
858402210246
962280606166
856991103383
944182756316
834470441599
850883874114
850676470670
948576510110
850256032352
856935638518
856299102622
948753804844
900780427857
882936369809
945144651411
852984142062
950292354394
944899820020
937611286646
940053214854
859808346306
966669901661
920246256816
935687155955
864425546506
854543548028
896713949189
856429796756
865521675675
941886503783
941116447167
887686431991
967135806366
851010989629
851675843523
854248565965
949332676436
866651093773
969499252772
867641748228
864673942862
921158587707
855771309149
882333349589
853518236596
861444367287
858655519959
856329963843
935535147867
869901079119
969510167087
891368311671
859736124364
852214197917
947725280080
975405686046
962574862982
941719403683
868078934774
955704659499
975554543223
959169047767
940045275275
866221972692
867945181741
854341191351
878345070270
857487992912
855512956516
894764797265
952527524764
867272584424
852922581141
953157716876
852198730530
858860061421
941959014654
943211579619
856537791951
942249710310
867835687807
969638381941
947921287407
1058899884696
927673593273
951784277797
1041360798278
952002085685
967681332652
923585774014
1015645280080
919773112232
953727670870
944433935535
916163498840
856322670870
941389578858
861035409249
963450726486
944720367287
933441845045
945286594034
993992528705
945007054094
819196788364
852590650650
854936367287
950243227747
998956584834
851954507827
966259725725
933695516676
939261804844
935388494934
902450657977
939540324564
946180888768
937715837957
1032460219659
975032610210
957021769209
1035688255055
974837769209
964111638518
1030115063943
1038247816976
1041481198678
1057110846255
955193106666
1033761957277
1048054214854
913703880680
954125942862
1039977955755
1027521756316
915378559399
1043850294734
952180191351
1041203369809
1049993103383
928438265665
1041506089729
951821957277
1029741785385
1035988786146
1042925133213
1048452920120
1039610905705
1039810848328
924064050050
968798764404
1035217233313
964166943623
958321606166
1047193890290
1046982051811
1041848080880
959513590990
953603249489
942849926686
898942749989
946664535135
861636084924
859805732052
932804774014
959442190590
1023927397506
965390247967
940553973453
857159470670
856693396356
961962427947
979707491651
947582264904
858654591751
850241245445
859285114754
947031571531
943131131691
947607003283
949452709549
962661637757
974039478758
941177371331
1048967035635
854652685285
864924631191
855246606166
944932695895
944102542462
1035180483563
1014712465865
946898509349
941157130930
937174573053
852610193873
922347159999
852413327847
1048566338503
863700637757
892788826831
944775976736
854299792712
878415726486
852790333413
940865348828
942387632952
948223124364
924200115515
866341639279
900115318998
947065618298
944037578858
865171760360
857318540940
868139163043
865631187307
937669026786
861139437557
863352208288
858607813693
867958436796
958613398878
948977715115
855938281841
917013630430
850384342262
854972922642
870871522242
941889078358
940155141301
943932821781
954100639279
855412604644
853338455255
858634781341
851879872592
949477262382
858566906466
852860442362
941957219659
964695306866
935127028308
932452497217
862915538418
862336877397
879515305105
851157849089
853804290690
860948218898
956724087207
867079370570
865691760360
1061609695513
1000757019135
1046687312432
1045382441601
955302090490
1043212677197
1033453621581
928485824064
1036952368048
935189132452
860090635235
1064138690356
881642153433
954243679719
859012531091
988224045245
857477607927
853056663543
1041147509438
1067698206300
1040425785385
906167169609
1048855885485
954591876636
1047574035635
924108168848
1032790883963
928888553833
964126065465
1037424510110
957499454494
786040943059
1045651848662
1050091780375
951347746706
1046086599839
854425416576
945472260860
922590966126
855326099339
934599952472
935134954994
945973034874
932769061421
885825261621
868571377897
882373121081
1014837637935
1024380862982
911009962082
965107535135
1046654165565
1048702814454
1043045956516
915022407727
1042273585185
1049055314954
1060207342712
1048860145345
954064299539
615550201002
960510554594
1048485139779
703049946249
962353852372
924390534374
1048187861221
963250258338
1044998598078
1036135943623
974490490890
1030950410010
1040340141301
1046091360960
962561188068
952625364004
956859671631
860152248639
1044641771731
1030872143823
1048096544984
856826263143
930860993673
937001532852
869748266426
931882438318
850286652172
935378629669
858135809649
947112348828
956830530330
1029906472192
1045631790190
1037559665065
1045550158238
955123728008
1044752969409
960207160760
1045664006876
1033079429469
951716865265
927775427947
940275965365
956329408488
1032866092012
953037707027
1047041912032
951431748228
1048995290690
1041968349589
1043856525525
1047014242162
1037739764404
962367948428
1036022605405
969629678958
1046263971931
1028682882202
921101536896
1029075334174
1042280801561
1040864787907
900818256816
962557193873
925961818498
923563082402
1048127425425
963954441601
1036549151911
1030701589229
964897193873
1042304202722
1045967591751
1028347394834
1016439606383
1047703446406
985102081723
1042262632952
1045747864504
1028407260860
924867281841
951372135735
1044439460060
1041266460060
1039466320520
909126145345
1038392270470
884897306866
934374953233
943917120320
943952945145
865981327847
869169230030
922472247967
948578422142
947386451211
851035710310
858216010610
941993526286
943023399639
894065455255
860052663543
870278952472
930999612732
942311577097
853553217137
860865466626
853451431991
960461542462
1046335172892
924754742662
876417341501
866614466626
1042147843523
941570605405
961788668348
861255778058
927880054094
923948813693
942977111471
925478578858
1037123418098
947626679719
853661296256
957079571531
954031069509
863305369809
858644354394
1034949525525
929280383463
1040787688568
851031422142
1045903483563
953894665065
922901595795
944560208288
953356961321
1039616099339
906888319759
1046140033113
924174610210
955201880680
1026093814454
1035389523003
1040609171131
1049008940340
1042107133213
1048460497217
1041894284124
960056745945
898531428708
965064607927
948680581141
866519864504
930795519959
861469351111
858545165565
855888303583
854678157477
960060253533
879210374614
937431918598
853520099339
942915380180
949206740140
936849946906
852156671631
862855882202
921714263143
948812279319
883578610210
948467347067
946729000000
863340798278
856200477997
932560764404
1051569738471
867223610210
937526683763
854124533613
865927138018
949176740140
930912364433
930524136496
929424245445
943382142062
963544723203
868468799039
851399890290
943603889529
854523442362
931347132452
936475583663
932711782102
860234295495
935683205005
936916173653
862966953233
973332567487
857987699939
933872193873
854607852372
888487128408
927373792712
874582499739
935152919359
945509035635
855977138018
961206625625
851222102622
949236174414
968650920120
940089448928
864847130930
944674034874
880677056616
941851249489
931653308388
936267323803
854106820020
946731769209
898302545745
757598641539
858027154194
869458103383
802585344476
972567109084
947120687807
867600875875
853520440840
860487634474
856555056616
946879004044
948631997717
851792766926
860383903183
1047274111471
937729636996
858872586946
859792734574
921513861221
1039600219659
920957878158
1036760339979
937123999239
850222435035
945496736096
935523318998
939551685285
923033341501
868605880680
949982986346
920439707027
931296952472
946050100100
912180496456
942340278558
936363029069
973720912032
933781505305
943441681241
937557901661
851557214854
937859713593
853214931491
959334655455
859676229269
884203726486
851107631191
935894264904
851853491651
856656443123
859538270470
863625641801
942032399639
958574678958
879150627147
947642074314
858287664304
859503939579
863033701461
855241290690
893588786146
947138181741
949491463343
965016214854
860653761121
942734411771
864770460060
867080667587
873079223703
868686524764
862120470670
852841264904
851930473953
948891247967
860753240640
854985369809
867904806366
852071614254
914984462699
961232250232
892946255727
931761204244
872037271231
873774504544
864126092012
922733816976
931179159999
930418404444
864926244684
867325594034
853061881441
922792322042
967006150331
758910181436
954699068320
575158018046
554245769482
618421447431
996520512579
948966406056
989846863904
1061472823799
1057003498162
965647243923
875603138018
1037628226986
870593871831
850992334174
853096684524
977854424664
945859750750
953297551311
869588255055
1008689684524
861007205005
877129991151
898588430230
954697206766
961112076836
968525985585
869107736096
934129389029
893792073553
856159909749
948480291451
852224122842
936775324564
937367396356
872033762882
961906818498
856867363243
943045413293
876341591751
947995485085
850324151911
859899506066
943834021981
948491181741
937538243923
948074030830
948592376136
942647127647
946321217137
935641988868
851826467387
940112501261
934076074314
869757547267
898447009849
857253115515
929699811171
948113580380
948768331891
850903784624
952035324564
856987509349
927732578858
861487086446
949261917837
935260847567
971771503783
936738876636
861289225225
974609636996
947874152672
851670845045
856231874114
932990192112
858119001761
850837569009
945555464104
855218671631
890236633713
858604740140
938198244684
945788222942
934168472192
934636993673
964996315715
939124944384
870571416576
867532268948
867012680480
938747562682
855604518198
938600128408
858214242162
857952736096
945986549789
872647362482
941602297017
945698876636
879354865265
763938260410
923775962082
880408616776
863112096056
858605662782
938270103383
948788301061
865256554594
855233981541
865892767687
1048007608688
962013767687
897454556116
1046777202722
971316074314
954941609449
1045197306866
1041120631191
956810431991
954169657977
1047539189829
1033950211571
922204740140
1036991581141
928296549789
955748046006
956376568248
966138659499
922149320520
1033257613493
958321157477
957350688568
961609416576
1017488953233
954231372092
850822708788
890241269709
928516441601
938067475475
879780073553
868392366526
949504143823
858684203483
859754833913
867895845045
940976282602
851006855655
942965822542
877013154194
955101154194
938282843523
949842330130
978319111471
933195460060
942651761121
923250165565
972961276036
937227693373
933481841001
940009218898
946552428708
852432898378
942849330130
944288992912
948948115515
951242405205
934537665065
861013235835
965068107427
931808856416
928818838718
860144126886
948041757077
972379227747
944854589229
855364577097
983994083204
954369744184
878623865265
852228049289
854726247967
853534516676
1047977188068
932827564204
886918089729
858943002522
955850710310
952094816976
943191994434
971321558638
1035998410010
956849514154
873196575575
861197462582
959302203483
934409061421
941492686046
957009612732
1041218560160
908320260860
1040074874114
951444617537
1045473225225
1045390026786
961336940340
1037960258338
1041384191351
901111067987
1033491340740
928278602122
960782835435
1046199044484
974914865265
939600132452
850525525525
853679187307
871587921881
949081669109
854668867787
852050732052
938183426186
856392826586
943130737857
887505673153
948193903183
887287546506
947954715115
856765370570
858932193873
945662975975
930232164804
871252806366
861574503783
940993410010
944486934774
942011528808
850487773253
859249593273
867297037157
932299014654
944929532852
865321953233
940096368048
859385494934
941283358438
934207938818
935338042962
942103757077
859913481041
944974094534
945175324564
949317883963
948822858938
880050824064
946529918598
947358574814
937169639279
855707352872
936988648128
930531620820
954964741901
949253132452
852987943623
937617800800
935780777297
939800627147
863506445645
941826504544
895901245445
850395615015
945158306866
937769760360
935339183263
936249143823
975383426186
855997450450
940615920120
872697626386
937757480280
946120674914
939664818498
948026845045
925479570770
943248554594
960520198678
943348811171
920412942862
928634438318
855052477997
859617503783
856049055855
922165190590
