861705811171
865076409249
888797432752
864599516676
856392137257
859844137257
880939227747
861489975975
868188464104
881755858938
921437600600
850282688568
959911812932
868381998478
858885421381
949729630430
854951541701
735630472278
866137008088
876564507827
878547983063
852588228508
923324270470
978552552072
860226961321
945624431991
949408263143
876496896856
899936999239
854258220420
857811748228
862612104144
854677013893
878918139779
853584909749
874271258338
874993597317
936629529569
851823601361
860190776536
949873081641
855549242162
869786524764
885494868548
925460384224
852578452972
853343014654
936010834674
941148250250
943231240640
954263202722
856334825825
865134749989
931666509349
935954309149
868447185785
873353854894
859614673153
941719228508
858704242162
868440374614
935066492412
944085810410
864161799039
875882381941
1047992845318
857495354394
978566255055
856299102622
851229752272
900780427857
948753804844
863878589229
882936369809
852984142062
945144651411
860761399639
944899820020
950292354394
977287461821
851562377897
937611286646
852396247967
940053214854
859808346306
966669901661
974668486846
920246256816
1062998736967
1054325789637
969638381941
651128076273
947921287407
859891666826
946180888768
932914318998
937715837957
973971832152
935157432752
857756620820
935571615015
943691867787
1048967035635
854652685285
855246606166
864924631191
944932695895
944102542462
1014712465865
1035180483563
852610193873
937174573053
946898509349
941157130930
1000757019135
1061609695513
1046687312432
1045382441601
955302090490
1043212677197
859012531091
857477607927
988224045245
860090635235
935189132452
1064138690356
881642153433
954243679719
853056663543
1033453621581
928485824064
1036952368048
885825261621
868571377897
854425416576
945472260860
922590966126
855326099339
934599952472
932769061421
935134954994
945973034874
882373121081
1046086599839
1041698690090
1048793126886
904039649889
917551510110
950685701461
952671254294
956513862982
958811018698
958986399639
961425536896
1034931571531
1036540594034
1048639788668
950756366526
953287503783
958110741901
961416026786
963922741901
1030872143823
869748266426
931882438318
850286652172
935378629669
856826263143
930860993673
937001532852
1048096544984
858135809649
947112348828
1029306492412
1035689752272
909843581141
950980136496
951076459299
954476227747
958181920120
962170178458
1027093984824
1034050857177
1035516407727
1049782062182
918817554594
952217555355
952761812932
957392046006
966075222942
967487966126
1015570402839
1029935942862
1038850611971
897932143823
914934664304
1023439633713
1023895459299
1029229481041
1034729476236
1037706045245
924553693373
929086250250
929478386746
959171472192
962720135735
1036941067987
1039636199439
1043864462582
1048253124364
950960033113
954713720920
955225357677
956733533613
961351107427
966021019459
1036618130930
1036769231791
1038875272992
1041033288168
1043531443123
1046510661021
904574637757
916366818498
920556986346
961284215615
855977138018
859281430230
930439568248
935152919359
945509035635
947403808888
961767583663
851222102622
855311069509
857101948428
858731171131
859696995195
859763552072
930772077597
934926034874
949236174414
951869568248
961206625625
968650920120
858724683763
864847130930
871069423903
875370700700
922673164804
934452307627
940089448928
941225165565
954929017937
959170316476
851583516676
853322087207
880677056616
921570555355
935597698178
941851249489
944674034874
947862489129
948393379419
948710584424
968454715115
853283864504
855488271231
863184512632
870344642562
887763106666
931653308388
936267323803
954939430230
971727354394
972119309149
850506266426
852691361721
853818662782
854787511871
873689852372
934307680480
940266489129
943552697417
962138352872
851478801561
860235458538
863678911271
910146226986
935422943623
946731724964
948940819259
949962199439
855214372092
862177547267
864352661021
900848193873
932852258338
940022073553
943439415815
857211905705
865760526286
891283196156
922504214854
931375728008
940192104144
941852776536
1036296999239
1040595939579
1041466145345
894634212332
918209714354
964917443123
1033221956516
862437524764
907743577097
917242437557
957825427947
972865106666
1022920247967
1038410280080
1039621723203
1047537842762
906513244684
920781284124
1041032010610
1044357672392
919381833913
955017305105
956892727247
958149412532
1041892430230
1042266762882
1046658769209
954230448928
959645376136
968259987107
1041676311671
930115807127
950646411771
951689548028
960364612732
965520012132
1026950915231
1055046443588
1063877832790
636844415922
753577517421
757598641539
815125453446
824961114124
852563839886
871667866291
1022580580380
911126328608
1026450204244
1026993305105
1047274111471
1041479911271
925837337457
934831557877
942340278558
943252231791
946438617537
853087098578
865700843523
936363029069
939846118798
948802180980
850507310910
930948440840
933302876636
945004496456
973720912032
864204005805
868042051811
896773287407
933781505305
943441681241
852625040440
857780060660
936400417337
946116216376
962168710310
1034952824064
1039770667587
1039600219659
1047622804844
1044833808888
862753497217
920957878158
959571327847
940385868548
945936315715
949071767687
858254082402
935765635235
937557901661
943191398878
972784305105
850231001761
851557214854
862919468148
938433844284
943928803083
944049709549
948155176936
888958388268
937859713593
948744257577
949866811171
856807067987
857190603883
875333801561
894822998478
946590091251
853214931491
929102839479
922128046006
852626135735
853669107427
896836761121
931199658738
945423463343
1013688823303
1022760149389
951582066226
962432764404
1030295946906
1038127009849
952375725725
952523322042
1025700381941
927135880680
928041566726
958459273753
1023050440840
1030455987107
1044329340740
926739026786
956474255055
957700821781
968001846806
1018200344436
1022468777994
1031621746706
615343060307
806584454322
838971710637
1057003498162
1057993669947
1061472823799
1062263558122
924767607927
979875534808
1041676103220
1043892743696
952694270470
965647243923
979831714305
1037628226986
959393480280
1043294671631
1048906087207
1043283889529
913275283363
951303494934
1033943569009
1008689684524
954670727247
929449011371
1038757989629
1030455892812
1033242042962
969562911271
871149837957
931642304344
937056231791
588869429389
854312988868
861357850850
936085178458
936775324564
937367396356
949048995195
858491350350
924900943623
942275855655
947705209049
962391954994
867512130930
867979862982
872033762882
946366926686
949468047767
861960931491
870264383463
941058733813
946082972692
949467692612
961906818498
854762417337
856867363243
860735215615
935072776536
942983791951
943045413293
944175710310
1031425232552
958728614254
1037445037157
1049663516676
898588430230
967688456016
1041364613493
1041553763643
953554860460
1042995845566
1048500386746
963459321281
851141729769
858825039679
876341591751
930276286646
850324151911
853681055855
859899506066
932080969409
938600128408
943834021981
944674997717
945747865265
947995485085
947997268948
852478768448
856028674914
937538243923
939008074314
948074030830
948491181741
948592376136
1027922008088
1043196498978
1046286959799
1047001192112
1047464838718
853714643323
910270077597
950548683763
956457667587
958367921881
963887079119
965402360960
967479804844
1037592425425
1041415389029
1045595963843
1047330134974
897339709549
950321655455
952128624864
954850471431
958456356916
966818736096
970612980780
1027421884724
1034892656216
1034987823303
1043067648128
1046236869309
1049823018698
1049845526286
910100866026
911699400400
951077724964
956177830630
956910270470
1028240736096
1039759207527
1042472112232
1046292415815
900857903183
921230830630
928761229269
956156761121
970817157477
1023164373853
1031030121081
1036703540940
1037847229269
1044597339979
922060763643
923932757077
924682998478
953682638518
954671486846
960980010610
966524518198
1021079652696
1045973469281
656208753177
667375097676
750134964419
824308827638
1044107250250
1044251984824
1045115889529
1045338492412
1046686308388
924626141301
925170313193
950689416576
960152716876
1031266156716
1035854747467
1039455264904
1040658885485
1042235626386
1049160076836
910231319759
925471550550
955585254294
956634670870
963437611971
1039408058138
1040920859699
1043447414054
1043852729769
1044153773253
1044302897617
952083943623
959480683763
967575161521
1036615918598
1040924513393
1047187305105
1048897985585
1049856310910
918731478758
950447825825
951156802322
954826088968
958551397117
1024088475475
1028577496456
1036954993673
1040534509349
1043769841001
1043837867787
953886463343
954137915315
965738659499
1017078789429
1042549558638
1043045592512
1047796234074
1048979046006
901830049289
923846396356
951240457777
954027892812
959707602122
971198917837
1037375960560
1040139609449
1048302091428
678627830987
850057991897
972379227747
974757041897
983994083204
1032797057377
1048057183263
954369744184
1045231629669
1047977188068
959640034874
967428376136
973910763643
952094816976
955850710310
1030481872592
1040469337457
956670736096
958783950950
1045483204244
957733444884
958153682002
1035998410010
927674822542
1024742535135
950217192112
956849514154
1031638100100
953621638518
959302203483
1033586312432
1034285520720
1038286995195
1039423935535
1041218560160
855707352872
861242150150
911715169609
936988648128
939286797517
939873725725
945328071031
948951587707
853898326086
859078647367
859664255055
930531620820
944184599839
944942885485
945381935535
946995934774
948054419859
949253132452
954964741901
851902208288
852987943623
868100811171
872044839479
889693698178
934990485085
935780777297
937617800800
948811084924
854996858938
863506445645
